58939.85355
21597.08493
32203.81062
55334.85680
49405.40372
17991.16951
9591.85409
69273.36401
27963.68357
92703.80868
22123.43551
7293.73154
7836.77441
95279.76017
86286.36671
9668.93905
96949.79760
32872.80737
51412.07055
11909.27379
51683.33105
24581.83668
23297.77932
30778.73618
89793.07816
59310.51853
9819.47606
4919.58323
11047.78047
93401.09877
36290.91101
54388.05938
39533.76956
54798.36868
60475.65267
22541.86501
68073.44471
63958.27321
73885.79286
97449.03899
5642.63691
80387.81881
5595.33873
6495.76421
44529.82551
61824.67502
92389.59915
67793.29562
83864.53798
49632.02262
57681.23001
51339.87191
39226.54982
26565.76495
80688.75409
61595.99626
34129.64197
29804.00873
55429.40145
58077.07167
99103.80322
79170.70348
70649.57548
26827.32894
74247.29029
52846.59007
47058.94349
53086.80503
30777.13116
45296.77109
29835.37439
35720.81904
64574.67271
41941.65296
92964.13304
40616.76868
35992.28591
52190.59830
80916.71722
75316.11439
27373.43033
3449.12440
81828.31926
10093.16411
11485.16159
21020.59740
59041.24652
58329.35628
95150.66596
54881.24632
18497.35900
727.42982
16660.18405
27709.33042
86570.13748
377.34370
13092.88963
28776.41872
48208.81279
27269.66442
8589.26746
87301.04112
94807.71825
62730.84918
92387.20527
27716.28210
42679.31186
58480.98088
83023.58723
67768.17258
28189.31081
90798.82963
59446.32911
51018.27884
38483.46893
43076.54673
92611.74322
51129.18667
94721.08077
53687.92336
18448.30562
63006.40549
37070.42534
96737.90845
66629.34532
89654.36945
28835.57207
71245.10629
23807.61969
42637.67290
44329.90995
64811.84556
49786.28327
41118.49893
81137.08225
65737.82826
76580.94328
68299.10690
12654.83003
1199.46344
18167.91307
72071.30431
68736.80729
50796.54247
98400.03097
17227.90495
95134.36974
98158.27229
55853.41125
74982.47378
56564.86224
14073.78618
86785.52755
36866.90884
38316.51731
87027.91256
45058.61738
14854.88378
88868.74173
30971.94802
24870.82288
33565.31211
48569.94066
47876.14203
10079.24479
46115.64399
45558.54989
38919.89656
87859.91890
33867.02538
42980.49682
78629.17215
725.31082
11218.63474
17296.27129
59267.82739
28246.98859
260.77968
65014.60013
269.18106
19921.88648
78243.46981
34467.35675
69711.16540
99034.60096
19869.86622
92846.51036
57413.38400
6276.12078
5371.95244
27533.32403
56160.75316
25356.30822
61067.35287
76004.08651
67592.39429
1565.02577
8369.00392
76714.05175
68165.27406
1720.33865
3638.12838
20412.35471
42920.30906
73702.73551
90686.86679
53027.98518
33387.95391
81531.14840
53958.60164
50734.34892
49804.98654
45358.93956
17528.58073
30864.51261
50191.35307
45013.13371
55157.71067
36884.14367
21644.12146
93995.53027
21302.83543
4771.36193
79701.83572
33833.71715
78509.21430
79238.39335
34704.01155
82345.94073
687.71791
40036.10604
55708.09472
49592.40156
66280.88092
53172.23856
33216.56478
57921.01038
67469.67253
45270.51501
14244.69637
40258.34327
16222.35922
20567.48652
51745.49995
48921.17772
98410.86494
84994.49677
71796.71775
16417.29699
98901.99499
76640.49545
45220.51561
9396.30910
11753.43462
73769.87508
2682.69002
3986.18351
74692.60205
45532.50821
96293.84556
8655.73876
35966.87510
44029.49272
43515.25148
60185.72491
71110.47243
58687.21944
51456.38669
81675.26089
99523.03657
2312.62582
15830.97862
34232.24007
72518.41424
71524.06114
51776.34988
19839.05669
3867.41026
27360.99637
52032.82462
75600.46588
2673.72510
98935.65701
45629.87119
20588.62753
51697.79696
6223.53261
31342.47288
51837.58348
62341.80178
98209.40118
72263.39555
49462.36011
72075.44535
5592.61327
28006.51090
9181.69406
18443.07052
82740.37221
73144.07306
54490.55908
49348.89150
46908.68527
99063.96729
14028.27480
3834.76407
78109.92038
13250.60971
50721.49878
41461.89617
71112.00447
44589.26252
21409.54704
36869.36856
67538.36644
57525.36891
24681.32196
13666.17729
49101.25280
54273.61734
40878.11245
74955.14842
94050.01635
50724.27734
4481.30225
40261.37342
90322.97170
9869.98213
92708.76264
82773.48099
37412.82661
77163.34030
42862.61239
35904.72304
76374.46577
54980.92861
862.87136
49654.79280
84631.98340
35899.66894
25272.19924
68680.39429
74052.09055
71730.22790
49854.14581
84823.43745
91726.37560
72321.53616
71555.45384
87013.25476
81645.07098
48840.99906
99807.97506
5531.81440
9882.26569
31662.90550
24657.83079
75449.17677
77300.89854
74197.71490
31137.77203
71935.94496
80288.88077
32600.87538
20658.71019
37069.74452
7040.35764
98481.52391
23400.72346
45002.33432
28808.40074
22875.64476
76778.58185
37635.71267
17865.39578
3342.14116
24397.21525
29603.83104
78013.69487
71276.67041
9093.67605
34306.04001
20734.08789
49346.38092
53806.36150
46460.64224
54964.98145
71544.30702
19632.27444
24793.28239
15231.59984
79664.27201
50248.88368
15344.32477
39467.52735
34109.28885
2460.08857
66751.44984
27296.28358
56616.33125
33764.49324
24960.59972
80108.73617
55932.92254
39052.93615
28888.00082
40757.71720
43241.32499
45215.36464
19083.21893
5438.57684
81732.09756
3251.77921
35876.94235
28481.29611
5872.51670
48479.83096
74938.52471
36628.41565
72856.11964
8681.37751
91094.51975
88507.01121
51135.06363
20202.91053
44258.58334
98505.89924
87215.47484
48123.89870
62354.42814
70334.45361
74691.81596
66797.33584
70098.17204
91159.59897
15294.82007
69779.54890
55664.73554
39241.82417
10534.24309
90565.33425
93984.27935
68084.85951
21784.97037
55710.06009
10294.59758
24191.36865
90337.15460
3403.18668
76273.53042
77859.55291
12567.83042
86945.41567
22732.75629
83678.38340
59222.57040
52932.09531
16573.28039
27633.17515
64143.49200
62570.04936
2336.59223
67322.19738
75056.95877
28627.94207
59558.07918
97985.06125
43456.97355
95826.87449
31985.31866
95730.25048
85846.54725
48334.53991
38487.50607
1576.71543
68984.20020
96683.13403
41950.58619
33594.95210
27466.60708
80551.12344
81057.87033
33177.86470
39366.19015
23273.04212
29082.55464
81777.81628
86902.56450
98468.74918
26459.22653
64000.65655
5939.60052
67916.71745
99728.33772
60782.95110
27702.19842
55184.72588
59401.29344
50648.68256
94004.80662