82360.60983
13056.21018
73348.65887
93533.60902
14110.99975
30712.44268
81453.04443
8215.58809
88113.19474
34448.13636
9132.90266
25862.74934
34613.89791
13935.51974
82470.46361
44080.21630
46512.72847
9822.01678
62561.24599
66386.91689
70371.68856
76272.36782
84722.54461
68330.71202
84685.93851
32813.65940
22980.66803
57224.33296
58046.63615
99549.90114
70540.24113
67933.87897
81235.56949
26036.02917
18309.78542
52193.70885
3994.57624
73699.60668
61991.49381
6230.90049
65064.66862
48405.42350
80538.12750
20035.94449
23155.40773
85641.97003
7363.56223
3929.06795
63077.33367
2092.41422
95226.50472
99398.07844
33081.74507
45265.47108
59601.83423
28348.49844
87371.67724
95404.61913
96798.78907
34452.15704
8317.58375
409.67289
76650.75316
21559.61117
38430.50242
18882.71787
63641.60185
93890.57818
34429.39335
99967.30545
21278.92104
23578.07425
83658.67592
84170.55553
76901.11954
4954.83968
6753.18350
36317.45655
86546.24923
97037.27311
50508.57361
17526.23947
71097.59967
22584.66740
11273.10330
28343.94208
3995.32356
71403.16469
6919.40650
39290.41718
16132.60566
53985.59632
2315.35058
20077.02796
65890.93928
15349.50074
16285.16285
50587.72254
76881.21086
25121.31067
58208.47866
98513.28269
38260.66799
1836.05282
411.48987
55676.84004
34402.22647
45294.17450
58760.89703
16656.71038
82777.28256
95415.33526
5279.64080
30832.08645
69769.06712
53752.04377
8848.38898
56499.18492
64399.16335
15232.28889
51508.91919
97851.15271
57249.60670
60882.84840
11979.56555
29489.49053
88556.30106
47529.53181
76312.61879
8090.41872
22427.03508
66488.29052
40496.65497
25776.44187
69140.90216
95073.88715
96565.76143
51498.62310
70276.31063
71484.68938
91727.39451
82026.35769
83074.43535
69762.56610
92495.44822
67896.02588
88092.09790
91889.94365
78035.02425
46785.36441
74293.58558
22285.23102
22320.42645
92408.14180
85707.74715
87380.23916
8785.45603
92754.72161
90863.75001
88291.51737
79283.63521
80653.88943
5746.41349
64703.26310
71724.20612
4764.65811
48275.79541
48303.93098
14110.26717
99279.69449
65137.52122
84268.44345
68208.46178
37340.65943
25482.43820
81955.49812
10386.19346
97902.07446
30377.78755
53855.06923
20113.74001
53633.28876
85607.73782
67718.29507
94747.62538
97655.91144
61451.49797
42301.37812
17948.30209
51877.21521
31736.51047
25628.28719
20861.32592
8190.26175
58008.34340
96981.02108
43664.77272
11950.34981
66751.88939
13464.31008
63633.58020
88615.46724
36758.53636
70514.20427
95941.31186
32144.09143
14548.45962
51515.53266
10995.02384
7691.83439
31083.49679
73994.96898
31547.32751
25943.09247
70278.44152
3202.48173
68460.66294
30688.26825
15572.85789
20951.13461
51236.17273
50822.30336
63716.45965
26015.55497
12964.13187
32023.08426
58068.09233
97018.31305
16771.47110
32893.90100
96000.94232
17222.07537
96104.54651
46813.71415
65711.97308
22781.58381
15608.69882
84041.87318
91249.34821
39993.01709
23748.47272
69579.88346
61913.27318
5813.09209
35293.57937
89863.10247
11855.64430
23412.15514
55296.21185
19618.15124
61709.35131
54302.77489
57605.87139
89700.89142
30379.74768
93690.31363
96892.06468
10754.36791
43496.16778
29295.32716
65225.70639
55265.94235
56150.44151
58986.20116
73024.44225
8869.28016
79995.78627
19446.27911
64373.14716
95685.40033
32054.36692
12314.38447
81866.02975
83528.30532
44538.94851
58215.83044
31473.19723
23770.36181
5718.92358
32420.25811
78724.63724
44440.22599
56357.91505
23181.24792
3216.47105
39110.63683
81066.39238
75530.47456
87415.79058
64627.86788
91475.52397
8572.45074
59641.37130
14306.05309
33294.38356
59095.31818
8604.58237
50281.76117
62834.43080
60595.83135
1079.63040
95355.71540
54255.82379
49219.12614
65622.58124
43537.54288
88973.75104
65117.10174
2205.22093
61419.30424
15468.17677
3046.60466
21043.53595
20853.42674
39894.01322
58607.59175
74987.57818
62855.75376
96881.37194
91079.26321
28684.26471
71680.00396
58321.20135
86629.08400
28691.87859
12585.27353
44448.64426
40903.56781
57200.63734
90374.93194
18094.22483
28798.46259
52044.84565
74990.96053
86659.20317
17805.75738
18741.27960
51270.43653
65261.47253
87375.52302
8522.06311
9200.16074
66883.15788
50251.07869
60974.76610
81004.11687
81173.85356
20314.82457
70780.78584
65357.66371
47633.59329
6594.63001
19772.39175
48309.77243
19539.22474
20134.10920
79866.75076
93221.23610
78863.66142
65762.64309
28128.89430
66364.26808
91432.77120
29807.31829
48691.33469
30736.95829
55412.90006
39670.95583
26948.14049
60334.77565
75835.20728
49950.46842
38171.85302
96128.11880
39143.66404
66571.01870
77416.46824
82484.09326
36643.54818
48466.94220
97506.54426
927.48933
93644.87621
24261.29312
13288.30349
45511.10333
66511.13854
1755.20041
45761.30493
4811.14019
79791.08511
65357.44676
13247.15288
85951.39224
77097.34010
67471.88759
87372.49834
22541.87832
22891.90260
89373.24464
95503.84796
82371.50623
60969.31168
25331.38483
12151.60553
63067.84640
67467.60105
55923.10904
39529.60793
84327.17510
17353.92675
41766.04572
61473.44593
49595.80014
72541.16956
7265.43661
28328.92233
82224.44811
72724.44361
90111.18463
62780.04093
95557.27190
39847.71364
61774.26400
98494.62178
88030.92087
76503.24521
65272.33902
9564.19289
41561.15435
52722.50952
1142.16535
54531.81515
75033.68789
49368.86171
2788.86836
69409.16096
98643.88341
64030.04124
70823.66841
97601.73616
78418.00936
53028.43808
90425.29053
27242.82579
97933.94510
91934.82506
9488.47085
73402.47235
1490.38534
95094.20209
97730.80530
21375.40000
87710.04106
70458.29666
28480.28786
51013.38507
75618.83397
85073.36632
536.98632
18881.33478
90857.51251
15145.45088
15597.09813
12284.46253
68288.00419
91747.68687
43826.90920
43201.36161
72370.09064
77654.38495
25658.38848
27921.79448
56378.49280
6895.11809
24215.78059
51466.40855
23067.80096
63574.74748
50347.41053
35974.36689
60201.17724
86463.13295
4047.15890
17717.12268
9514.36341
81403.97798
8029.03113
79976.21027
60194.22124
25965.01311
8879.83945
55351.82791
20745.20996
97037.10194
58665.81648
91251.93138
12512.99684
97053.96192
93227.61895
43936.96313
13772.96432
18235.97385
82390.32627
33445.54443
52861.77277
94901.10391
28952.94986
94868.75919
35342.10685
68904.59339
33526.97687
29344.48118
43839.20679
74653.11488
99365.91551
26829.98647
92131.24103
45133.47575
39057.21455
97355.22520
40242.92357
30002.01744
3622.06838
34918.55084
55593.09931
53075.58362
96572.28990
9626.39392
32901.79203
8075.32857
30709.46487
80680.56364
77997.82289
24033.89638
17581.73500
69230.97752
35675.57792
8596.68046
488.52418
61582.76620
33148.08602
68174.19250
82660.14843
21739.61083
40534.34128
60581.06687
37858.84004
55085.68522
80906.41879
22657.09599
55145.91281
27987.35064
78709.74512
81503.04759
8856.78654
20986.60162
33256.83127
75563.21340
1015.62015
66668.46526
98726.03021
98558.51845
46670.28269
84952.42270
69158.58317
24501.28734
2193.15705
51952.35476
95126.48190
43919.21720
59261.84751
11009.70892
75154.15632
59647.49365
82873.68888
70584.08591
57268.95715
23339.72154
64921.80207
26016.49852
23533.10357
54437.43618
76069.93072
35595.09099
38667.52087
95303.19142
76475.25540
70421.14691
64784.88303
6935.14108
99745.47388
37423.47218
5564.71698
94259.67985
15804.04255
42265.38085
95639.30849
27554.80851
57328.92845
16644.05132
68501.98656
6003.91686
88397.60269
91295.41278
72287.03931
37039.37292
71443.08403
27860.63580
21088.14660
43750.12064
35618.14942
80491.08160
68254.88744
10214.74628
64795.13248
34079.50891
50848.72796
44553.65627
53363.07506
11342.57792
86948.90299
55020.58815
89054.91853
337.96476
1149.88914
53963.41856
92752.86527
28730.76202
8617.01563
23829.85042
6589.58831
89965.87520
19447.29292
89697.03805
43468.33792
7701.02489
12372.44577
38776.17254
48843.24214
77216.02241
61838.96641
48918.83788
12660.62576
94324.82735
62974.21767
47230.38377
69956.80942
8993.44406
5878.81066
81007.86327
24073.59673
64608.31697
52100.20211
61698.47645
18005.46710
87931.50804
87865.90415
13148.00954
10495.37042
73189.82234
41564.94692
39813.84399
76937.62011
61554.61405
92036.33078
41896.00659
11777.05757
4206.05001
58847.89413
51398.41710
80557.86745
65845.30210
46577.75143
98282.04999
92015.55608
53794.90001
28132.17983
28304.52880
21558.69729
50188.69174
96017.89174
37787.22838
59126.87981
78066.05097
82950.22006
48133.46765
889.39825
62355.20003
80529.94355
25427.87290
14566.83476
54900.12872
46889.02372
11796.14619
35926.55609
48851.95258
87090.23865
48670.84935
48118.52676
79949.40792
36414.93550
47565.51346
41649.22310
39406.68448
12172.72423
42047.16268
5416.63460
1092.67997
45963.77565
73846.45514
53637.73967
72173.89428
65358.39446
3029.99602
56886.25811
34975.75105
20074.06124
23874.50006
17190.35769
18118.70854
23001.79184
95124.84403
19930.39586
86038.38006
15259.33465
26636.54486
53329.20086
83456.22655
46318.23983
13617.33759
10033.78151
79570.29953
46716.97277
9586.04436
24075.49866
81945.68728
26400.49028
19372.99383
36064.16433
37070.00120
35168.68119
62104.17094
81849.75678
32469.07018
80640.17105
2082.10273
76710.13546
42137.97195
82768.98999
33996.52762
86630.76820
47003.27862
43196.25573
25981.95911
15651.18815
2197.14701
41992.47079
59010.87407
69875.11557
99536.36586
49489.99930
30592.05745
80159.73519
31855.99224
35137.29500
77527.51621
41529.07154
65306.48939
48323.06714
90771.18694
95612.99528
96936.65872
51698.93636
79252.51644
53805.31015
11971.33827
45546.39181
92142.95197
44651.24194
76699.57032
10903.74968
50145.21186
64966.89418
47688.22954
97273.11425
37907.01310
27014.50620
6468.26343
39957.25914
51226.02933
48848.51067
93266.87387
58346.78016
58831.29000
5352.45252
58410.98132
22749.13939
55052.63178
93655.52127
55618.83842
55028.31762
38489.41924
28650.09328
30521.99694
11907.96534
29524.18716
68582.45117
64978.66579
44043.46639
8893.42139
35699.08121
95634.21627
38599.75956
27264.96944
69868.97582
24027.24425
61948.31686
49078.13436
70707.64395
44700.73392
92885.82354
83875.72809
69362.38603
89699.43349
74837.01690
49226.24468
99524.56936
55450.12084
45551.87750
80252.48008
945.72433
20727.95045
13825.96763
90162.16261
83282.31435
42246.67394
52240.82002
87785.94078
62184.00510
68434.34807
13045.44968
42247.25356
41866.77839
52053.52272
83479.31424
31798.17848
5298.42774
99352.24818
21801.14679
85816.49888
49203.31177
95059.90116
68760.98176
82167.76766
13825.56718
60646.02900
99023.27163
2003.48674
47057.92889
87904.23018
44983.99134
10719.47762
92508.68943
88689.67003
6613.95549
2182.45007
95802.08375
34512.43743
44690.42064
89044.12316
5521.70392
91744.08674
16567.37543
95782.58803
68297.55365
17520.46994
72178.23925
91724.11142
66370.00638
57534.17319
99856.69927
76816.97248
82587.20977
19353.74990
79669.91007
24056.86166
23438.26737
79355.38398
3077.95572
8418.22559
17062.20875
15371.11790
53577.55902
21977.53411
66507.55554
69779.22068
19482.53296
1279.16563
94004.38257
89309.37368
12108.31407
33153.70474
14651.56054
13206.32148
14313.14540
74307.36952
45971.98143
43793.25149
71422.51494
7014.28278
35319.98925
87295.38973
21753.63498
52167.91288
50183.03196
74791.28613
89841.79736
6507.81298
62423.83879
98979.56766
42925.10896
53302.28878
89150.77451
58283.45245
63434.29916
95169.12268
51528.40000
11330.17969
39700.20245
13019.87374
17263.54180
54510.66241
63431.82001
92917.04427
70748.06205
4119.45078
24589.61932
6128.52918
36014.92640
20608.03253
66167.94208
83923.01808
47041.79486
61194.01975
90149.77903
23005.45625
1350.32210
55457.26376
57753.30740
78811.42628
52417.50889
4096.73102
91242.55277
32497.74545
15148.81116
56751.84939
92724.74692
29679.00884
95402.87439
87869.16772
75312.16727
51116.17762
44841.17972
88605.83450
51177.98101
48858.22537
91707.32367
67637.91297
89702.62938
22671.28340
70024.79099
12167.10865
8995.19941
88383.74028
8101.03016
49092.25929
29466.46431
74249.07092
65.41684
34482.76265
2163.75762
49465.50753
92536.78304
54127.58565
12332.77951
79829.61429
22711.24112
57240.31937
49692.98666
97283.57048
85093.90193
4681.76384
90935.76738
75171.65949
82595.10858
82273.58275
30383.50247
80225.15313
22817.09396
32302.37075
31164.07945
1316.79735
61764.71157
31385.00177
70807.82729
6921.12659
51976.36999
13834.58257
67999.05399
60811.84035
62777.11268
4656.23556
91098.24069
83188.93615
23049.00389
32678.84978
17509.66335
70466.45442
49133.04396
82878.81815
48077.09266
3485.43993
39098.78432
43758.91850
22469.34052
54512.11193
42746.36696
73899.61647
67007.74359
29246.28948
2393.91657
1660.81398
23390.12856
33916.40946
8922.97609
61772.91801
71571.54860
36588.24540
40280.32676
6296.26610
85899.77107
72491.48966
77397.39822
60803.83478
62107.54274
33846.70329
17637.30440
42268.72677
61006.30852
1079.24131
8742.13485
38369.61588
42446.76719
2764.83526
13249.33874
10521.24289
5481.99385
5542.99316
69497.73400
65775.30514
7966.04481
69937.94083
70265.77503
48851.66536
32546.96091
54446.71744
81552.64801
20154.32995
44206.19013
81421.54253
83574.69438
61623.67524
13552.01518
65972.39753
72092.92127
48202.01836
43319.14260
42367.57589
16465.83366
53351.39764
92255.06492
29809.97301
77408.81477
72775.53408
44870.35914
28619.39014
4880.89651
61006.73294
50082.85038
9934.29679
93380.23063
34169.39647
48849.86169
61958.43272
42505.22779
85788.59097
31385.40049
32094.14698
91355.09536
82005.80689
13194.24329
12448.36313
36611.92145
95297.54277
44293.88477
73400.45046
48360.05826
76400.87678
86507.31217
38000.11286
40488.00403
77315.70697
93587.57561
19521.81125
30420.98216
39691.62940
65376.44253
39257.26307
84551.74082
48912.86439
37912.95577
48950.52719
74664.55524
10653.69643
34065.39448
697.42737
20177.19882
16540.92314
70419.92556
75061.10298
38413.55420
1180.95853
39203.53746
88162.72081
89393.88167
42672.36659
54079.69633
31051.37638
78077.14645
30738.37817
77763.28516
95375.24890
32368.03842
56226.47665
89082.88874
73406.19112
20636.03791
9885.35591
19095.08402
17134.86835
62408.58199
63296.88726
98625.23381
491.69823
91177.48727
84651.55741
46445.15616
8142.47502
57034.43154
12793.84991
63790.48062
95444.36574
12082.45681
8709.28313
341.44161
43396.65846
76792.16310
88595.52855
2173.19842
82481.99333
436.94493
82491.65729
66431.49688
97630.34578
39364.17870
19803.28460
90080.25061
41997.42003
23147.04692
19540.13287
95702.51012
26759.83570
46171.92635
13237.64950
91898.41844
81752.85610
54802.68869
56068.72175
50506.03581
88872.76495
89143.64187
57348.71000
64789.45415
81213.64553
78810.76478
57522.38762
92828.48873
54047.34032
28897.36374
55756.44251
67398.90871
6406.04396
17249.76704
75115.78346
39406.46175
11066.94052
87172.43163
35451.93700
85727.68405
5719.63367
36447.44799
85499.22375
42702.58359
66837.97330
15192.87590
61995.81527
82721.06449
86574.87462
13411.58904
29380.84510
23109.99602
89929.23020
5321.14907
56184.87217
53861.61538
81754.70487
66209.59426
94834.13983
83228.68929
93619.42979
30131.30306
31573.08287
96455.34706
71444.88029
95802.22964
26314.24544
18623.40885
16582.42634
94948.15847
34147.78995
37052.01471
19462.78839
96361.23097
69209.27720
33167.29180
28344.74315
72793.49868
15817.63930
82642.83244
9469.92415
48819.28582
68708.78746
47688.99396
46565.09514
24167.97797
93101.54904
36154.02397
25661.35827
28220.44244
84031.68368
45335.34652
79812.68480
22374.75728
97071.89487
64118.60818
29627.78575
29973.08213
45281.98527
45311.83759
24963.25451
45455.86157
65006.84509
6270.33752
28030.23496
11775.72062
4104.82688
70075.38372
11498.96647
23924.78891
6137.24254
54727.05175
61358.20746
54669.07672
23514.93327
96659.50776
57680.71574
60458.09598
87977.51667
14591.60678
34340.82902
58486.34849
68273.80923
14588.67745
7628.10353
52639.31304
43228.41791
69846.25683
35582.93721
60355.27950
42293.64473
11683.52133
6364.46089
92150.11364
5992.35467
18074.19147
15422.88075
97390.43718
60792.57883
67057.06413
30019.68289
39009.23788
30630.38626
18705.40505
88955.99371
94075.51466
96307.92664
2375.35838
11671.70211
41683.40032
51117.35910
4005.19029
61885.06908
83561.40534
49763.29290
44961.95312
57801.25947
46980.44349
29180.29107
17433.89198
62183.70073
55185.93128
26603.78682
21012.94667
65618.52122
22684.94485
92677.96462
98519.18280
27735.19404
9460.53327
63269.65887
90814.80635
78403.71222
83650.50463
38430.60960
80312.51627
83483.42899
62500.57962
6474.29689
72401.31441
91174.08784
16864.66235
20718.53941
22816.93541
97880.73766
42614.16131
79808.68242
75881.57803
92479.76412
15709.69053
8531.26682
81448.36730
61878.54905
37803.29551
32102.37723
21295.92710
97243.81361
12862.49304
76944.95939
20216.83822
35763.98970
38165.85284
50202.31958
4555.01624
77339.89129
6447.86926
92059.35240
63834.41528
44016.13485
43587.46955
38715.31948
84900.06885
62427.94957
29397.63138
44867.66334
73743.23972
18439.72583
7052.64953
2598.10475
26885.40881
98770.08663
83083.07486
8011.80814
6573.50714
58643.23266
6440.39429
98308.25738
15304.14663
18845.62689
26125.57429
63843.97081
59798.74548
36673.87868
37024.55848
65081.18666
53614.13467
4045.11418
61623.84004
99782.06593
27568.76452
58970.76028
61705.02680
77260.29934
13235.85419
35084.99571
88301.00722
4028.32251
69399.37090
59521.64800
49366.24997
70465.55695
65630.99668
38640.66855
84035.91303
34770.95360
73098.73599
93386.48696
60589.97947
9112.49751
99997.40753
80939.84276
80717.71789
79415.30645
43009.61020
23395.65807
96486.79193
6970.57680
48401.10429
69452.68157
14848.56954
96296.63976
15840.38052
81069.57210
56866.48402
74659.54450
15840.49535
82783.68733
81114.10987
10046.40519
24783.87171
68831.88926
73328.23341
79178.33422
85869.66205
61219.75542
9978.72708
71253.08220
16095.70493
2909.30640
32339.15503
19491.93094
18461.04984
18211.72013
53710.10089
85230.87593
94921.64132
65673.21509
97106.72061
48366.36208
2964.67932
35494.06434
20057.07354
21995.74704
64272.84212
97626.59902
75092.33250
12045.48880
32088.03435
83543.30151
95307.26303
95876.58080
94556.09245
1198.99510
29264.46507
32084.43654
46927.87623
55872.16433
69115.75322
62608.98394
43853.95731
88038.68683
36784.25224
65615.46785
36489.02744
59520.18511
9772.26353
16051.30933
78402.12167
72445.03325
5295.67249
86038.33990
6875.45887
84889.56335
66373.74862
51733.57003
67648.67729
72681.31579
15413.24415
60191.25074
36578.98813
96717.11722
24067.55971
72616.24943
37512.15577
24253.93831
53394.70400
86977.43625
45849.02343
75406.01606
22358.63459
50847.51803
94538.17093
12165.00121
83158.02133
3742.98962
51228.90617
82964.58666
77883.23304
98367.81557
72365.42180
77652.66091
69265.89498
75843.01068
13404.83230
98952.24312
79601.28373
80463.79102
3709.57777
75320.85310
67125.04287
44546.87621
72808.61204
54894.73632
46313.78228
18017.47008
4117.03798
92972.12045
57550.31969
41398.62482
81497.88993
38385.86028
85609.76701
95184.12066
72990.08896
57080.08420
32037.14889
14279.34039
60459.49475
61702.93234
99715.92551
36871.12761
98879.00452
32152.15564
22460.08897
15412.68296
25754.10079
33912.37856
56582.11962
31474.14715
34023.86539
60579.01797
52396.48645
70818.01650
24731.36693
42553.86302
31828.84011
35698.89508
81718.73130
36912.25186
30403.45344
53263.77646
6957.50758
88956.67411
89815.69948
58984.99430
21970.21640
28118.63797
33031.39187
38922.75572
90159.72859
34357.59081
63168.91646
40218.15533
68173.34440
21564.18447
33336.99544
20963.71036
58603.26462
40741.09785
14827.22647
84882.10404
30793.30390
33457.23357
35065.52420
1187.06549
77677.48508
56529.92247
88795.16063
99598.87238
64814.77326
70716.75414
68974.42994
44047.32887
42586.17792
76129.47501
29579.43801
19642.11219
50542.33773
41418.12552
22008.71647
80238.99761
80254.17989
70318.19002
16369.00623
80212.26387
39674.13257
93597.92305
51800.68834
11153.23261
85414.88667
78636.58622
46921.60585
69973.29555
935.68573
66552.30061
33028.39813
67609.19820
62639.21746
30570.53356
86401.46107
52084.53970
83775.04907
34306.53536
16880.42332
16259.77464
25773.56772
19306.32505
60111.12942
593.04884
55993.19727
91429.97203
58940.42417
70965.91945
68950.22262
74644.97231
79302.98076
81119.84173
9154.54111
20946.35882
42881.73830
53128.28622
50483.14496
10701.57216
28829.83384
975.33341
81073.01804
23861.67907
12295.60007
45741.34029
30830.50651
32631.86968
55647.63908
86983.22608
4531.68353
83682.21438
20405.02073
80431.13078
228.43371
54259.00130
99603.44325
67467.33224
82151.12506
62804.53311
93465.43120
42607.50567
15435.06560
9578.49750
33277.80015
55684.13290
76075.41334
61208.61251
11380.45798
24847.08587
42381.21340
51875.50335
18548.76926
61697.85425
23305.21135
95168.83978
85533.08195
30686.70932
75349.19490
63966.52276
14654.76953
10620.02174
11773.07634
45783.38926
67557.41536
80271.30758
18172.63064
57860.64389
45416.72815
2872.27654
70986.29969
20496.94113
17212.80095
83736.96295
41333.22405
32684.31655
60761.26639
3290.72414
74690.93584
11754.40981
33113.85248
27126.83845
81993.48667
90327.24486
50690.15818
90698.77348
40985.48434
42862.36060
66661.11734
57421.40030
93835.47319
83271.03243
25883.38645
39274.38711
81091.18275
43774.20669
15355.12009
78721.27081
16848.27826
38244.78339
3935.63793
52993.79339
27628.23883
66265.15151
2502.06921
68195.79113
92110.18897
14289.86904
60372.73946
59483.68270
58114.55389
62017.03998
12948.34075
87380.79339
53224.01218
30849.28580
83279.84675
86244.89379
17773.10796
92499.34401
10833.04324
67567.91942
54568.91146
74643.56994
59041.83566
12481.18398
9741.52894
75794.65064
98913.99970
8550.11264
36849.04232
90069.43822
88412.39086
73494.15276
27218.81437
20562.53497
89077.88255
823.12056
6363.93540
23514.36167
9679.71115
56316.07956
44228.52979
75338.48884
18217.80149
53523.21628
77438.91683
18494.19253
93043.90125
74005.62475
44028.24215
48898.80800
24229.10764
14471.96687
87473.45219
83880.54102
37738.76639
36226.28539
7209.40938
45627.09598
43346.79651
62597.76054
316.39066
46872.62221
82692.20658
64727.97540
37113.17149
29378.48001
18816.82556
90869.06451
21050.85472
16811.28606
38345.23676
54808.98167
5393.00823
68891.88838
38816.80216
43305.54381
52568.76207
21134.15576
77169.09825
32805.49309
90032.88624
48465.11908
75725.40490
54314.23057
4432.65613
76218.69345
31891.71799
1792.91199
70926.98239
2812.50627
72257.14638
65507.45075
91717.57518
81560.74813
58112.41043
70972.63972
84557.83887
70505.97187
28506.38597
37417.36144
61076.69978
79490.42747
76059.95475
60229.59689
67954.26724
25636.06135
95641.81834
127.40106
37275.28032
42103.67302
76059.18479
56236.62881
34693.07704
86050.15080
96951.60658
73977.42492
9157.73767
12720.04035
34347.43463
36046.02273
47598.55890
29213.29845
72689.31676
50231.45468
22969.65761
76700.75007
43539.53516
28184.53543
58842.44701
90354.42121
40165.12448
26513.06627
6844.05690
47916.40775
72660.64395
64752.21702
49560.10415
77673.19498
58248.01121
52081.81814
68794.72875
4423.92666
84245.67231
27503.56722
84071.54187
20344.74708
68199.33617
63884.24699
3730.57819
57458.67314
54332.78480
92105.74566
48758.29750
54427.94025
61339.28796
82447.01545
90184.44423
7884.81359
37630.72650
90512.34411
2000.42425
83470.03055
67978.70481
79852.99798
57149.77565
11142.13190
61331.34207
45391.03765
65628.91328
55283.96933
43950.19985
65068.34161
56465.38689
26250.69892
88670.19928
89728.19189
53887.63208
67803.88367
18704.61737
36492.09311
68539.89414
8834.85534
37626.66641
24922.14618
41327.71950
85840.85104
87462.24970
27846.43631
32274.57600
36097.75204
10768.57794
8511.17369
15187.04130
54945.98290
25114.04062
67006.89860
78575.28685
74130.41934
36532.79949
41925.48015
20123.85687
73829.23227
14893.55137
7010.02015
97115.51315
86333.19903
84428.97000
61574.32501
9127.60887
11262.93504
10970.57068
88838.63214
85945.30329
39176.99825
55856.25445
67819.82438
52741.98556
86119.50581
84825.03253
10209.38614
25402.33175
34345.23693
26826.25914
95408.44966
28890.06258
83630.74548
53839.09963
60635.31341
78503.71287
42384.12056
80180.89830
96458.18159
4916.38878
37699.79700
15125.67604
67178.82476
31183.07658
67041.20400
10833.38946
75073.98374
29244.29941
96749.43020
12582.26208
54173.18520
43902.61074
14631.60468
47049.76267
73311.74373
54978.80094
75516.83062
936.52368
55558.93953
6230.90376
41790.96182
29954.06166
75079.31528
16488.31110
6306.62357
61557.76456
62604.03662
40443.26121
30016.97172
10189.64665
49369.75886
56639.52276
56344.66095
70711.00490
43463.73179
96248.61316
45502.67617
13796.82854
96823.67666
7864.44409
49153.98816
92535.47935
16382.57358
49296.76291
68463.52158
44558.28547
71976.75843
50279.41394
45202.97690
88166.55101
77880.54016
96589.05411
74007.17303
39784.07905
29617.42764
8687.11808
85114.61891
46222.73306
46494.64551
75197.36562
2927.60893
94533.35644
25874.36622
91719.05741
40409.18108
32816.17173
59105.03723
17275.08315
59266.09394
24396.86562
2797.62978
83172.52542
53990.99337
26938.68740
80941.37832
293.34215
40084.51021
93608.28835
81675.21202
83714.69730
69360.53801
15875.35072
47410.75472
60043.65036
63116.30823
19532.21164
88352.97953
6273.62757
91650.02561
25850.19635
50922.87074
68895.48529
4767.41672
2232.82435
52517.92010
24078.91922
53316.37496
46654.75198
16579.59549
11714.52462
88218.18094
99686.22126
76180.27352
87130.52215
55965.44485
55489.23009
34062.37273
49461.18204
44834.22183
58035.64965
87339.56749
55151.61607
19088.75457
75558.30808
67067.55543
30099.73266
28629.98135
60185.07400
87156.49502
63343.34082
99309.24961
4214.54439
90539.81086
16160.84933
91338.09930
24560.04985
50090.02028
85938.63310
97759.68558
34463.20153
89577.72232
12270.81297
50640.92440
99702.91129
68963.66812
44957.40127
27562.95241
31015.82754
91992.52659
59581.48198
31651.20594
88797.74095
65736.80872
24308.40961
23674.01149
77232.23020
92620.79753
64031.14941
79028.51900
229.04087
43256.70330
630.49525
18153.67286
63275.30241
93173.60708
57028.35601
78891.24198
64567.94765
20636.23879
33226.49098
45733.64785
10355.08062
76342.26326
64057.02522
9371.72802
66184.13449
62077.50118
54105.86902
30247.93287
35795.82194
51669.86654
33801.46516
10760.84395
98918.33728
9434.81694
6833.44796
20517.81577
75366.21481
91679.89763
27699.40878
32797.61252
54087.29728
65372.17745
15826.51154
91309.67434
53110.26836
2662.81883
35911.12492
22515.85347
57765.29651
8717.18439
83223.07669
20435.64989
2428.14021
22063.08149
1125.69390
89746.90527
65202.79145
86233.84869
89302.15632
32401.05056
66207.56929
68578.50299
647.16860
84727.71792
61210.46566
21351.07876
26048.46014
46661.89423
57706.49649
50693.32922
80712.41427
91312.86918
66809.16110
43251.19832
34240.98412
5552.98442
52738.47941
18944.27153
22945.06039
59960.40052
55740.08727
37138.50136
76443.60122
35560.04104
26179.64125
89262.11128
9961.87938
51812.10488
93159.20698
93665.06457
60649.04099
3590.86600
58603.09686
84124.74813
22900.30919
38347.50480
47001.83295
76462.89617
79434.62516
356.59969
6694.95220
32871.64942
19202.98502
15117.00325
94844.87677
14698.88756
5845.09077
72676.71886
93282.07973
35094.03974
92561.70778
33184.66460
24284.83869
32025.45792
57221.58012
91723.04765
21401.28667
91938.49433
93418.65483
74098.19868
31695.67722
30945.22172
80446.57227
81467.65146
12225.71425
91002.24684
23990.83320
21793.92967
63489.73713
71985.20816
85964.26865
75535.66035
76392.30705
38020.75153
56421.46504
61311.65873
13009.02863
59289.30337
92147.36150
40684.73278
72269.66429
10975.97574
8047.05975
8327.51653
29041.19265
85838.54887
33718.81691
8912.96493
49833.71094
37889.87917
55888.10033
81789.85746
40485.17496
81788.85983
53606.48263
50299.11281
96280.03194
32848.10771
51842.89522
97711.05630
6088.23074
43141.29050
18190.89782
93434.65998
75862.00909
24995.94662
16717.74055
89059.48811
90137.03559
33651.08231
51093.09279
21208.00195
71977.34823
94448.90068
26369.19415
39599.91999
26900.83162
2763.14597
68534.26056
69308.88599
43424.66524
34027.78652
34411.68023
98949.12534
72026.64868
87842.46637
12615.52956
18320.91714
62937.16810
19261.24729
54756.68717
64983.88752
91134.51006
58265.99550
55300.18216
2565.88449
62472.34770
62936.41934
53489.99794
17251.37192
15286.05704
76077.66273
50683.80476
3512.15673
44690.98117
56990.91486
75126.42113
51084.33276
99453.35878
1186.76689
32164.77501
75968.17673
33476.59777
1873.37375
53175.71853
93027.08601
67827.20061
21500.39048
98648.02967
60602.43827
78641.41404
17621.40883
64085.37839
82202.96008
32448.93593
70424.40253
14414.20249
84276.82057
90932.00732
20135.92056
48932.86667
4808.96175
25036.42476
16856.82622
11914.44431
46007.16877
82288.22931
60572.97023
17425.21723
77818.97696
80544.10742
29449.97070
66557.06138
62736.62237
62544.10709
27392.39096
82489.61282
53583.79192
26584.37734
32593.55301
75293.01491
16910.79638
37437.56545
83061.40752
36111.08157
89042.92921
70222.59314
6356.88041
55474.49724
95494.32833
68784.99588
24807.19442
58504.07589
14104.72139
19008.13498
82851.88338
46595.19517
21497.59273
60533.53531
44267.69628
44307.33129
31062.81627
48787.50923
20199.77611
30588.63341
45745.42960
83925.00182
11845.68522
32386.17752
67167.67094
31813.90276
73621.93223
31777.64168
969.63478
49680.72159
44719.05568
10680.03542
9552.17956
42054.65417
28818.69385
3474.28841
72325.45664
38980.20678
59154.49495
36225.54419
55122.47842
7648.54319
17979.50350
92120.39388
17131.10635
27486.21746
69499.93412
9417.88533
70154.43851
12586.37788
33704.19319
32308.66275
85746.63314
93987.64155
23888.69222
66835.84134
78597.51587
32939.38781
72959.83424
91248.03107
22094.49744
23860.33793
52114.52885
28419.19830
26166.82687
84217.64082
99009.01756
61687.68093
87823.61659
65352.36431
53554.68489
64304.45292
80510.85461
32673.83139
17538.29823
42809.35828
5945.47740
7138.59355
38061.24724
40234.32169
1643.09346
58714.78168
86091.76406
83142.88316
42412.94998
54424.56501
85350.72844
98250.19364
1175.55965
25769.07498
19957.81808
6775.87251
31945.69315
70612.08310
67323.55233
25788.36480
40938.36421
65202.19616
17719.00947
41243.26156
49675.34332
19955.24980
68405.36768
20527.48981
7029.14760
80422.83890
72421.77866
10830.61888
23739.04010
8292.49564
9776.17104
52112.37970
28726.79832
86176.36874
35883.27690
57798.33210
15517.51143
60669.32873
40011.91374
86871.31854
33379.38130
79884.29115
91390.91396
53615.55469
43188.35369
85006.38370
71951.77503
3279.02540
18310.19761
72695.03765
94404.15068
85612.88309
46062.73917
150.43784
39384.85538
42959.13113
62322.19150
52405.99576
14487.30154
76277.99494
39528.02300
88760.74023
91975.76705
87041.62604
28192.54733
40612.60955
60851.55190
62492.65074
75775.97872
62116.45066
99763.48980
51586.58812
94727.06888
43546.57482
46047.50689
34157.22300
26827.20261
17322.70891
97849.17204
6055.55134
81159.72974
64291.59918
85540.28107
35015.49554
26125.14378
55283.96327
98426.13941
96427.99669
82188.86706
34188.66912
77320.28209
69147.17771
19770.45801
23854.81806
15455.41912
81999.73579
8189.29722
16416.70877
87523.22655
11364.33729
98081.31011
8155.93229
53766.14275
94383.67076
33492.96238
37432.48197
26240.00467
8919.16212
30341.20143
32011.58770
80085.23498
29190.46987
94726.83223
29604.74818
65130.22325
48421.97007
50984.01773
8305.67702
46330.38879
51608.87734
46378.79721
42328.35576
5089.33798
19662.91434
23208.08566
77798.34487
67383.18132
96474.75894
15448.57181
20100.74077
28840.23578
55040.28512
63108.19317
13427.28667
18221.30202
72029.24205
95601.67451
89565.27347
86842.54691
58089.28378
17284.98189
19755.49248
26518.10670
29577.01508
34459.43782
46169.68020
82277.96324
36897.48654
68187.22041
99516.88795
10650.14340
14524.50734
59114.22284
20064.74622
66823.00144
3693.79320
182.02630
23061.53159
64385.01594
65969.33086
10802.49604
66932.34292
74785.75420
59542.87251
74664.58128
23395.86580
20927.98780
35917.65636
53570.41753
70822.45078
74329.44474
28315.60006
89099.05123
90264.54964
49487.56128
44523.01308
54986.26117
11522.60495
81263.28820
5740.04512
44777.24862
51431.18355
73967.87163
79095.24925
10419.81843
48553.26730
62853.06761
61734.36868
44141.40798
86316.87459
29460.48621
34576.53767
11619.53131
88604.84698
17274.16974
77118.13769
96142.65397
12148.81316
68153.01885
50005.99437
27295.12576
39145.11400
98719.07299
34861.34508
7477.99695
99700.29484
8697.87817
32012.03336
1063.22433
86803.14163
49165.50410
89818.55153
40790.90559
45371.60117
85441.57462
21238.34574
13911.08521
79231.26727
58912.09861
6951.69345
25258.09028
84109.39653
59750.71407
89452.71368
17541.23043
29278.94559
85408.20771
80739.48761
68084.41294
13041.66935
8667.59071
91266.66077
55731.62357
30621.76405
74676.80714
72820.85738
5331.18683
87470.65459
59188.88175
9854.80683
44355.22269
46143.51493
16116.18817
56527.18726
5286.23115
22283.44401
83013.24416
13243.58278
50146.85432
17273.17787
58904.91127
45885.66928
6619.26612
41994.30125
4505.61571
76927.98155
42794.84594
82119.30958
82624.09615
86216.04767
35057.24657
40038.97760
76741.67973
70982.43107
85883.28888
79149.53387
37908.75802
12995.15357
30480.35472
7220.10621
74702.34070
4147.58600
15981.08515
13688.81479
39743.83290
28010.44182
24117.96401
60611.07916
94425.53640
20526.00850
71674.65111
62001.77504
87455.86569
69763.21496
82001.69727
95771.81397
79724.58732
29107.99729
18813.49086
54697.78688
74957.20190
73095.60704
72669.10202
57282.43116
98551.07925
22709.26335
51594.50013
94887.01910
56405.76389
64986.49788
35020.01271
53730.05492
28477.22596
32471.39937
22332.54026
76105.73582
20537.72942
59180.12780
49866.12571
697.19964
57250.17333
62239.18613
87613.11420
61268.37789
68475.20273
82479.19399
51092.60555
84020.30194
50586.36741
95147.26114
60806.70752
64871.45052
39712.08971
34140.14208
95007.64943
98349.30468
79001.25407
9810.23039
30116.26568
24012.46555
31237.61052
5105.27970
59959.72432
34150.57077
58865.15625
82491.56062
21578.39515
98841.96609
52319.26411
49368.94752
58536.74411
83259.95962
74461.49634
90069.70949
28735.31154
38558.23306
97395.91058
54219.00246
55480.20961
11354.67537
16944.15724
79644.82461
94592.01003
96058.04130
51995.29205
62355.11166
89145.12835
49590.57892
62275.47018
9835.49749
68581.11537
53901.13739
9837.59608
58666.99391
50200.43562
7497.08511
89700.56711
4930.22646
90371.92643
59406.01338
74688.23204
12247.37630
9723.40881
4124.27008
63591.28569
57310.56360
17957.50790
37708.52205
74441.99548
3023.09547
91752.37991
93016.68164
92693.50389
59329.06608
14064.47356
96079.09686
93986.09857
72382.49243
66334.41540
32298.80613
72833.89626
1533.94837
26720.11787
86616.34776
40916.19689
45867.59919
67152.68377
774.96221
11873.12034
26347.93161
33707.75420
79536.58182
65311.10779
67123.32497
39630.60970
48311.92873
75672.92201
86632.76213
80311.10084
22458.48063
61166.51793
90643.58792
29443.52642
86279.51297
24365.10143
10313.61815
84770.21300
41835.59867
40608.79272
66982.29100
83912.67400
76159.48701
98338.20604
68582.57437
51251.76732
25606.25357
60950.49963
69363.57826
84515.36888
88984.43885
22396.62462
78847.61175
44939.66474
96102.91024
43938.46529
4297.31103
13123.28787
77520.80196
22254.88502
91420.60930
19269.91266
22796.39856
3139.03436
69702.78072
83876.57905
71510.26078
45718.31130
29418.66946
42344.59020
97706.88703
78950.12144
37662.26918
70859.41271
78942.62426
39783.98112
41341.26131
67454.93841
40074.17159
81833.34273
72014.08438
52560.74982
26620.56262
62776.77057
32043.17863
63702.23824
6710.55198
40282.19634
7316.53773
61394.22887
42774.16068
96893.24264
45755.66143
23384.32606
43222.66323
36385.67934
2615.28702
39446.32476
76111.18123
72668.54679
6038.10085
43043.67123
38663.97864
10722.05357
43030.51251
91038.96497
67831.91217
40106.05657
44430.42538
58372.38759
72072.93421
27432.82634
8645.24434
27929.14076
35291.04916
46289.76323
72273.69259
39816.92356
40303.72654
70569.58255
24318.24745
76918.69749
73351.39633
81381.72941
19118.72011
21294.30948
5062.50506
16468.04916
50227.25532
51914.45311
38048.54199
35349.71281
42457.14515
1570.54178
76362.79240
67558.70260
47991.44394
12385.32309
10001.16980
61788.34586
29742.74830
60591.71085
98388.51267
91414.38839
55494.51370
90390.34955
24212.52303
14555.45447
81967.65475
8720.21156
4466.33943
80518.93022
79135.04874
99691.46483
35941.18991
52930.59825
77134.79759
39757.88162
15008.14064
79526.58763
28870.27371
97062.83971
1021.24448
54576.01999
72678.87316
81890.16427
70366.32037
98488.75037
47687.72513
71835.35398
12121.97106
68006.07102
50391.01008
99494.89705
5304.41614
16179.05948
93834.49802
81954.46679
71713.28148
68235.22724
75496.27422
11386.32321
38184.61620
16779.52899
29042.81592
1057.65578
20476.64214
39869.37090
63298.67445
83218.88517
53668.51543
5570.68053
90773.79608
21342.01479
7019.89033
51148.06046
87164.03263
28920.86422
21882.43922
15773.11155
61006.67506
20009.22369
23408.97056
90315.60264
88023.63512
84989.39527
91139.01045
2318.58698
89691.67561
54629.41945
16297.44845
64191.09334
69409.22792
67020.92644
7914.07480
40770.20520
87034.66988
24277.27513
35861.49140
10370.41841
44903.93369
25534.42151
37311.41143
80887.78217
51658.15847
64924.35845
46907.09707
38520.52312
96811.62456
27646.96242
6857.03942
97258.18315
50681.92264
38491.12717
93781.02487
33401.23342
29712.51934
16984.74369
53135.45318
11688.45598
12000.75551
19835.80596
20452.37483
43617.94621
75819.85092
45199.09696
39695.73673
76551.65125
75626.61853
84040.80904
66222.85189
26199.38177
5142.69660
72869.57537
42953.14895
68780.51888
42324.65123
75037.40540
41802.44827
71931.58812
83272.86056
69484.09065
42042.02907
72045.95605
11318.85988
65724.80092
59133.55866
15064.02430
8680.11070
38701.55718
11692.11082
15393.07725
20907.69688
74247.42927
75777.43028
24962.94591
93650.38331
60585.76317
41549.06541
62047.38691
64591.82533
34132.64698
83707.32779
70601.35514
19964.36167
50191.36094
40112.48581
4155.03082
13496.79363
11465.41350
9088.49630
77960.37665
99851.20180
72113.71731
16265.91586
44365.85785
59849.37086
17602.40218
88556.36022
76834.49917
29916.10459
91398.48513
36664.71906
70471.06528
24936.12335
87951.09345
36712.16063
1955.62617
73901.69607
25573.58309
9570.89911
88925.78466
89294.97110
95317.88295
82425.51399
15322.26072
43102.09604
65600.50200
35687.84645
13932.73441
46147.10498
33272.55273
96209.00399
20437.28767
53860.12721
41200.30474
92891.23830
44637.09563
46165.97101
78532.08357
97169.18794
36991.38368
132.63999
16223.98887
52317.36144
83808.19664
58816.70282
97900.27923
51826.47101
7480.47298
51500.55011
85503.47172
76313.41337
96270.18708
17006.72181
16589.33253
39322.04772
30658.67667
29292.21144
37580.90393
1022.11233
47172.79567
3511.78020
17527.56521
93081.67458
84027.67744
83005.85488
1957.50129
71856.84756
34488.77982
86909.61826
29117.11927
20976.95096
26955.28458
81833.05893
51931.70562
39060.17226
76866.63984
71713.72488
52605.94911
61424.33424
65841.02992
1302.34697
50519.73501
79432.75920
74144.90649
1418.78357
11278.00701
21594.15583
28961.66094
74709.67927
84101.61667
60827.02539
54165.39249
624.61398
39928.85989
63002.59988
3428.06699
94777.32429
1082.47266
66530.01508
6166.32761
36288.44168
63175.22310
40685.73107
20889.36187
5105.96470
38639.41990
23401.29964
39749.24727
35985.58290
66126.32828
73270.75364
50951.80194
97797.04254
17410.79811
74783.04400
66498.88359
70373.93195
86254.71754
63457.49307
17657.15730
22425.86450
9783.59845
86210.00158
74251.24221
69230.56801
14276.00292
30513.44606
36957.63842
21009.92748
92256.04973
42211.02134
2078.00970
3464.91354
38750.91267
41792.48977
16615.05600
67891.97704
89079.01548
11907.32406
63209.06993
73148.09380
75645.69516
63528.26515
35015.76154
26521.49239
31345.23193
38237.04638
16896.03679
52666.15301
45331.94028
16515.85493
9220.56266
47323.72521
31707.19780
65667.42284
52570.22128
22902.71161
3704.46014
98527.64452
42640.07801
34582.18141
13824.92056
72782.72361
90299.04019
50037.27745
44067.60649
88330.45592
87292.49013
20197.65155
49083.14383
22405.58574
67572.32788
94244.24907
55967.27304
12675.80527
79161.13637
75036.67008
17203.37490
93890.15747
25091.43679
67557.48131
89322.47328
35115.86172
21689.43156
20319.39845
14395.03284
26728.96665
49701.53916
12310.19619
13724.77909
66568.76170
66060.71228
25753.15737
16634.50838
55074.63696
17853.14066
32101.76398
8696.47937
15751.79612
40893.40282
25476.84781
93830.27519
3149.30416
48714.01519
93883.59731
96536.14879
52165.76330
12449.84004
75961.72063
32316.54554
83764.86234
48525.09706
75947.82640
69902.43212
38233.99996
8602.16209
85629.29474
2202.25377
36645.57479
44146.72144
84115.63916
72425.09354
98218.19426
20364.00387
2092.59597
57177.37498
39574.14647
66843.07923
15727.92261
37068.25736
79524.69362
84257.93235
21693.86292
67535.54453
1346.54758
93609.10086
82526.48119
93941.37124
31230.59161
92963.06533
98011.13928
9512.44941
50976.45332
81010.14331
63786.07453
12594.77078
33238.63543
34233.47576
24591.45074
39528.69558
76015.80233
20887.93016
38151.02679
94643.34450
27018.53332
77852.78496
98682.89212
38347.65019
26671.45837
52860.70805
61448.98774
19858.08259
23239.68324
80611.30674
19680.25880
64443.96705
23689.31278
85845.93060
31524.06197
52554.09978
27737.70528
88540.98004
42279.16767
47522.11155
81829.32428
16131.74848
7.08051
76096.48297
12022.06218
29846.75435
9233.95739
56470.57335
51818.65804
42371.77733
78332.01242
60128.85700
65172.54344
56417.43668
5381.76142
22747.71003
44770.79034
78203.78812
1273.57129
25918.41406
34908.72372
58134.54348
28179.23275
51330.17458
69019.71833
86340.95174
22576.12890
91024.09483
47236.70299
56630.00838
89393.20334
67483.76784
66956.58712
70439.37730
11617.53274
80482.05624
27138.59170
51040.34294
64634.02864
72978.84663
26839.82972
12403.98138
62288.81489
70678.49497
91676.44466
21869.32118
46968.48742
79133.86496
78205.61886
20855.55764
80314.33773
86555.45347
14958.53821
46240.22826
70126.31823
19155.81645
54538.28109
3687.64783
95640.40554
84647.21614
23685.80476
70820.29334
1568.88359
20845.93747
8588.57273
51497.24296
5420.18927
53834.93757
40217.72605
71914.40362
29840.98167
51838.98566
52569.99689
71702.35786
46046.54860
39848.72085
36469.46159
46174.80789
10134.96771
27550.52053
18457.21581
19676.83030
11032.94784
32684.06776
74711.81866
60478.62881
20874.26719
80179.24812
49095.17648
62563.93986
96447.44540
343.06725
4294.13381
23155.07540
58159.87241
86718.96340
56555.68040
21942.91924
28975.25386
6250.34297
70952.43017
32871.49670
50983.08961
58190.77194
65506.52486
66255.42318
12281.53755
59116.25682
83958.49908
2476.08818
2330.72469
29655.81833
25647.16556
3075.93751
77481.45612
88638.57372
51268.19470
88981.05731
95859.00169
56211.20909
18300.85949
74117.71119
56681.58288
5089.26486
53420.66169
33497.07536
71549.30714
88382.12004
73600.00442
20376.94915
6552.71305
91863.93069
1232.99979
50270.74330
88753.33370
31413.73941
60194.40280
81616.97075
88023.14648
70763.60643
51688.86915
38994.52357
31920.41524
98798.69132
12819.57735
14746.47256
48806.40768
65168.99339
33277.67816
12425.57121
22221.94078
77430.34009
674.07775
22719.92313
73477.76814
97826.07292
57948.40894
82854.97741
41894.59468
19272.33612
3979.56455
62332.71661
54286.23399
52993.37351
11776.49615
46930.64951
63801.07845
91069.03078
3931.18027
90194.29522
5167.37602
31087.22731
1121.07710
98370.37176
63624.31427
81834.55594
55035.60024
78504.70170
4406.62115
66464.36467
65158.15148
64027.98712
86893.32607
22395.45779
72696.97788
64080.99054
54997.56077
82088.17879
67649.86473
33785.80800
56884.59107
18641.42903
98505.92993
50842.51229
25065.89346
6831.03671
85616.98231
33262.97006
96370.23708
73629.82175
6819.97761
46144.06465
34141.95034
84515.95045
85396.83844
79287.34182
86165.80549
34093.49104
56997.26401
64583.08856
78239.61238
84334.24919
66086.38956
43037.83287
20525.82802
32810.10742
72643.00014
48965.70362
79083.83360
48942.63098
76903.53965
85628.68682
18733.01259
3071.20327
76457.98361
49273.18800
61075.19669
23050.85452
5355.63849
32520.25487
35609.44016
69123.32320
46099.93276
7446.78765
42144.77993
1013.28516
56112.71632
38812.71844
95983.22182
56860.04766
35648.23668
64349.49931
28987.37033
57093.76937
335.61495
9071.97448
34429.05431
77303.55557
38464.88003
78312.40115
20354.70842
89481.56569
77818.97404
1010.58142
37468.48798
15384.51288
49797.71037
79361.60954
51476.60307
83710.78825
57870.44581
35647.05309
72923.28030
3855.12393
62348.05099
49311.66010
48859.64148
19737.09917
29824.86039
27141.18579
8925.63004
91141.09533
32290.36874
25793.87623
21083.83750
44683.38656
87762.17548
38021.82016
33662.90245
84841.93467
78176.04692
53095.27459
67110.33993
1842.91090
66560.18941
75215.84326
94495.42142
38518.64745
63182.10271
97976.88484
27354.24872
75305.75999
70253.78760
8436.46835
3911.87668
9362.38748
95465.65555
74177.33864
33603.94585
43114.23866
68165.32480
55658.21461
57851.51080
64874.26034
48744.49293
35918.78181
23137.56515
71242.22633
2085.32266
14759.98786
81925.66135
21359.96268
68562.82958
64716.63482
92578.77460
83273.42771
65890.87705
24294.31282
19555.67653
59686.26467
11220.92215
4584.78029
22879.96375
53038.38407
47245.08448
71620.49711
37310.32941
47148.35975
8049.22529
73064.55718
9102.17704
23994.77096
72432.72541
54060.42731
87889.78526
51790.11718
38745.42179
22583.55696
53290.26176
55841.16157
45898.99862
91626.81648
34504.75241
18343.16952
97005.69504
48058.09535
15726.57113
46263.86637
43483.99985
26291.25430
16500.11755
18805.51629
66377.15192
9753.42053
2922.52735
2562.83332
413.09497
38146.73332
45370.43237
37615.79772
5165.46149
89456.55394
66966.39989
32472.02011
17336.95272
29730.15312
93806.23076
21465.90659
20727.52073
66498.14925
94389.73612
7020.49252
18178.32064
16269.44514
89959.35270
43472.46488
92806.95818
40354.91858
79696.03077
50976.95756
61949.86361
8009.69941
31239.27485
88105.17527
6810.26818
72015.34069
73655.33366
18457.69644
21165.48913
14418.12315
33052.74486
18794.21028
95895.32476
28059.88889
7039.81735
30173.85699
50606.42952
71255.50354
64951.04725
48116.06888
93321.17317
25563.51060
30453.65509
51428.92784
44729.16374
48498.20077
64754.91677
6040.20059
26199.34819
58513.90028
34769.63158
34304.14628
38546.71027
33531.10098
32568.36818
80698.86700
30322.83890
68461.15120
22158.56777
54926.76296
65010.38033
55853.35611
79161.56086
14064.11754
55360.48613
882.86842
98622.34728
70679.38726
98314.25510
26326.30452
80113.18448
69630.01443
69659.02460
20772.23600
38733.07906
11673.19875
36788.70663
26319.13532
12045.05867
94361.64864
5290.55932
31752.53025
4198.09776
52467.88967
55351.87533
93922.25997
64624.39441
40816.72685
35050.08524
52123.78427
18150.04638
75445.06157
73764.84553
50263.15995
43764.01516
85762.36730
92529.30800
13942.29401
31255.26985
74772.79639
51984.56121
63672.90158
39669.52801
79430.30979
9807.54164
87329.24064
35819.30066
54979.99398
77603.82591
18359.73346
8126.35542
24616.24235
3463.95006
23418.19759
14400.77672
64977.10784
20236.62141
97311.81053
45073.23427
4724.15753
69872.70955
66370.91954
10710.25422
34219.26526
80658.42254
78279.68585
34720.59865
63109.68626
52353.62847
54722.32826
70434.27021
60862.12172
20898.89467
86217.26036
68348.00184
45390.77626
67428.53579
81883.93087
30144.69572
12317.48698
89566.44804
4816.97701
22448.14405
42397.80095
21232.44589
85616.86811
43054.63914
77657.19665
13272.18972
41364.15951
88044.64014
62487.21365
93221.13564
53546.94059
88683.21061
14233.39068
74062.58995
36687.95546
95685.47752
25104.92754
87963.60938
37184.21431
6974.95987
65022.30428
73022.17889
75057.77458
35255.19695
64068.50832
87508.85943
97504.60627
12343.64399
87222.13866
53289.03705
22429.44024
65118.62547
66267.87610
45003.93001
19476.72700
11790.15749
24154.04948
15127.51200
63660.90859
50610.92696
26561.24162
55469.36615
93872.35265
48506.65985
80764.54544
84832.22090
85238.01455
41912.66417
15994.56344
21202.65923
72879.70772
30041.67603
22183.50068
55338.69592
22444.74930
79266.61695
49087.33394
78034.00048
13571.22432
11807.34156
79295.91105
25560.57932
82562.27102
88482.80966
84555.74093
94089.50470
10483.64249
38959.59404
42490.18301
62713.30500
27475.41173
25850.09028
19018.77950
60597.71173
43270.53819
12805.45687
22412.56383
82569.39650
11665.81840
87820.64557
65659.35177
46710.46756
57821.99595
37722.36517
63109.73995
18476.51519
65478.88363
35542.44742
63945.20236
8712.42900
41804.26374
22898.80541
58416.07067
19600.79488
29027.46953
48852.92941
1600.90107
56660.71572
51982.46020
55019.71647
86900.35709
31226.14606
50609.51344
35113.93637
5249.02542
90156.89861
99606.12058
54465.24460
64682.51480
9003.50576
26032.04055
36792.06306
71857.38558
24017.64737
24868.83026
12312.70931
68041.04080
28368.01569
31958.93060
7506.42276
56691.14048
93268.38994
8398.98501
74970.24550
71811.32995
5769.80608
36460.82921
14364.57171
84800.92447
52072.61139
89669.66968
18042.06847
96391.61342
98827.82222
10518.73178
40206.72014
81536.41566
57905.80719
64616.54348
79831.19176
28010.57421
65222.50033
66053.79457
2650.47671
34688.08773
81949.73591
11890.74107
25479.82007
84023.08589
70517.72828
45003.74237
98524.74602
68144.99169
16553.83208
16786.94364
94544.25296
96136.64750
5841.31160
91281.97288
92961.17948
84927.49085
67314.51492
70365.97058
50935.29415
60045.37934
21083.13737
60516.21797
22678.62879
95757.05849
42898.89370
25920.36790
13343.86069
49865.71505
57647.99934
5422.41830
66616.62719
66779.77829
43009.08054
22480.43791
60811.60039
72973.84041
89756.39290
20127.36614
75748.79162
20549.94981
29873.00276
88821.23716
41601.18409
95980.20792
81968.91837
34467.94245
85034.44406
16775.69128
81794.60442
46174.98221
34402.48557
6239.85533
46124.82907
17887.04347
31426.88053
87126.09098
80000.49252
48568.13632
2788.50972
52344.17194
1549.14501
98044.49067
99480.50044
28568.14396
62051.32712
66481.31939
52885.24743
32542.20137
40510.66735
34401.44074
55241.02973
27253.46833
93513.04051
40381.22121
57059.75406
49560.96507
89246.46620
77083.22781
25964.78600
28191.60793
62840.52212
90387.82358
49223.89426
29655.01479
93556.47136
42814.38488
46197.65521
98301.27341
44604.51016
28707.99114
27180.43437
63892.30140
45506.09402
47707.87226
68356.58517
28490.06465
90763.88030
85862.12484
85181.74038
34054.33010
89374.57778
42232.39062
5755.23024
16432.08395
93324.02708
79597.08922
11670.26762
27952.45504
1956.54730
49672.87198
44281.13731
71727.85368
11057.37516
67137.96294
16833.52526
15882.38049
66733.75536
59261.62378
65268.37278
81149.70521
99364.14776
99587.04587
60572.90613
25239.39813
76929.44987
60868.43928
25421.68166
42992.37720
39584.47012
69114.75288
70357.16563
41979.70480
12242.44247
39072.60550
6416.92866
97857.78749
59643.66259
5093.55588
67581.85224
33854.69858
34695.19242
67352.31646
18277.34526
26615.46950
60048.67030
43965.46761
68443.17824
79302.78134
56336.11463
85979.13739
96722.67289
28510.51313
91571.06022
43537.73077
53849.85366
29387.22688
44457.79745
41540.50501
48954.55362
21170.29692
25042.04485
84217.70697
12914.63909
95708.63399
87796.17279
54076.63137
88711.42418
63868.43118
18060.85329
87504.89335
89300.15690
34750.97248
43017.98517
63025.34788
22805.74740
40814.20554
33409.66635
29084.51742
26708.56236
96784.98492
47579.92177
3029.08477
77698.73903
52989.62863
3619.04791
41867.98969
70279.15821
41126.70332
98731.71367
25559.39253
95779.87052
17543.12482
37178.90038
91208.24542
76535.76684
24252.08226
81057.02055
85336.33374
10993.76770
52401.14150
46684.86735
59264.06637
76851.10952
43034.85740
43252.99900
28665.36378
12004.09696
14311.29468
18650.34961
26444.50317
67261.82577
53602.33310
59682.36040
27039.55577
90240.96721
42464.41987
55652.16394
61070.80891
9594.25561
83871.90849
7192.50853
5122.43561
83581.25588
72555.37038
59002.49885
65169.58862
99737.36523
57814.17376
32863.55860
38964.73214
2507.30838
65678.25122
25579.43595
32927.67126
40208.16015
46570.21515
36215.28843
38163.28704
43024.65952
66108.12088
13040.55965
21422.36577
77204.76011
43446.76406
43339.80718
18162.82707
96616.37484
61729.61661
86049.08685
12297.18253
90067.48331
70153.00073
96737.56674
71289.81599
36672.11222
24336.65524
30684.04135
98563.55136
65966.23606
34687.14905
84491.62113
9561.14509
11726.74025
36634.58253
34767.73842
65801.78804
88518.43978
49679.07936
11030.43257
45872.40822
25432.75306
64610.63167
3917.08929
41046.40835
43529.29835
11915.80721
79014.31777
95125.23374
60763.95665
92222.83761
49973.06735
73372.68898
86178.92404
42692.63126
33635.36166
62697.92954
30039.19469
97876.80542
49527.99553
36712.16180
62221.53409
4845.55723
14289.70012
37918.10753
64473.02069
57115.32802
57835.13118
26859.79676
62496.87549
26098.44575
63219.50583
6814.04292
55302.78294
10894.62706
37648.50835
94412.06997
82718.79329
2106.46996
44633.72479
78307.91634
43422.94424
53214.61156
72135.10381
63927.41505
38279.37754
68439.70168
56058.27446
4215.45444
51621.88744
40496.75347
30396.71309
53928.04648
19789.39781
52712.23729
22090.52241
16521.00062
64254.24660
51019.21894
33127.95241
58353.86682
15713.67219
84767.73083
18395.50460
79630.87242
35609.11947
64020.67481
26025.88474
61711.38509
46674.79473
52201.24143
50655.68609
77173.67756
18498.32201
80872.38344
4911.98860
94833.51225
20763.82056
27867.12465
97173.42192
56961.66408
72938.92938
58306.14858
75665.45155
11243.29877
42349.56926
15675.07985
50884.43121
51312.11220
93024.60123
10150.82850
36872.34844
95895.31135
86647.06661
5478.87258
56094.23272
27095.20529
9816.69200
95243.96874
89388.02809
86303.59029
49259.73687
91636.89004
93121.47073
34881.25102
80792.62717
59105.71756
30074.63448
50715.61260
4238.83253
47839.81830
30130.42379
47519.37502
82576.29366
24645.72549
48523.07939
12940.09831
40020.47552
47407.86987
80389.11220
2300.55281
42519.16904
95215.61631
70412.21908
2496.71866
18586.46746
70991.43076
86793.12901
20537.14665
79412.20721
54360.86139
2435.75347
77200.06668
48059.34805
64843.62163
59143.35782
70642.74340
95052.31615
80257.40962
58718.59023
79902.90124
44242.08631
50237.67167
68847.45435
64161.07284
70333.97927
15787.86527
45580.84895
29416.47333
68409.20618
52425.33224
81673.10848
78927.47006
50668.80893
49170.50019
45899.23693
93493.64887
20659.03918
32421.53095
93136.00844
3592.06241
9778.68914
61968.54123
55250.98880
93301.23267
23734.38009
67462.76916
8959.36572
12936.99968
18009.93404
51257.13719
30390.43313
17083.53127
11516.73256
23583.36497
31120.51864
64192.82217
81603.16891
71000.81534
32713.86654
4815.83569
10610.21906
7169.44146
55363.56736
64438.93368
1813.11742
33440.94024
80010.55794
22697.35317
73492.17396
47087.79505
96744.65610
66777.30357
12047.09433
30757.95669
56290.68452
71832.57692
20086.04077
24877.18132
74175.94184
89243.03558
21563.06205
2420.82513
18161.27865
79834.71268
50680.17212
97354.83675
1711.52264
54139.89895
45726.59408
5428.17713
68679.12169
10545.34551
53725.30232
87099.83567
86824.17008
15211.31844
75619.13256
25512.37323
66738.40207
58696.04853
58565.92165
82675.87812
50358.10954
87615.57953
16607.36144
28053.46214
60888.07455
89239.85446
85218.31456
94880.81169
87844.41251
39683.08318
91049.16143
73916.46360
44332.26643
89683.79795
92270.00690
4857.58723
49517.37500
51706.28546
12196.83349
3030.25277
62534.96202
15408.40481
62355.31703
40295.21049
34079.05019
50760.40982
86595.87294
56379.41186
75901.72990
74534.25454
69280.49575
10285.62931
68389.62110
44278.27881
16121.26157
76566.10614
97599.52229
60523.82336
95423.21441
75111.47147
20665.86566
67319.56728
5485.92882
5649.89401
64977.85610
85022.07324
82039.23291
3069.74678
48972.10180
10298.18928
47441.94740
40238.41815
37637.42045
61484.33243
7128.06943
96366.61937
34487.77962
87199.90317
76771.53844
139.81229
15298.52838
1573.66699
48420.84645
56404.79534
64175.49753
62261.90168
68967.12544
88853.62306
5516.55376
53786.99171
89597.69165
12072.32908
97716.88693
51256.44922
37888.28358
45474.44461
73240.12721
32030.83713
37978.84804
49624.56037
6091.92764
16359.83349
47614.48026
44478.08781
14775.09661
53954.17410
26526.56274
67923.05965
23844.04505
20348.55040
66898.19364
2775.94669
82481.87035
31830.89574
36086.18195
69138.57058
14729.81773
96748.77333
66204.48303
28619.54866
92516.30000
41526.99740
12492.28196
19276.69910
30762.36697
77704.22182
27166.87028
73289.57535
12014.46100
79022.58119
13019.42254
27699.26775
53058.70779
5979.59723
93640.46496
29023.02782
5788.71645
70457.06772
46578.36164
71423.46654
39965.08850
31354.45732
63595.85118
37320.18907
89730.64026
5551.60627
62666.80768
76492.84398
69947.83345
83169.13389
95437.19761
34843.02029
37217.87918
61485.67668
8632.83922
41197.26003
16321.25715
22349.44686
96243.66766
7216.89624
31690.28250
94504.58811
99714.85549
13862.17135
30511.32099
84525.30672
9270.40612
34762.92763
5821.92079
37299.07863
30473.63947
73984.12154
38134.53003
67165.87669
23562.33294
38105.28543
13716.62564
12952.41378
32524.97301
87612.05921
77513.93928
10945.84771
11171.92035
4149.21733
86925.53808
61825.38351
3937.63907
93469.85132
45053.35021
64303.28720
49034.09084
30942.03022
99987.32246
94412.86728
87051.44090
84433.38743
35866.54073
47003.21551
15423.71295
28293.78001
55850.89480
46000.84996
54480.50273
69144.00118
8975.98589
33667.33561
9010.58762
40047.03361
10930.16835
9953.92329
14341.15393
43954.97141
20355.87613
52002.68845
72771.09096
82686.88496
98748.27011
75214.99639
10782.51198
881.70229
97156.51451
81316.46533
76493.15748
68398.40725
35238.60420
7124.98333
89911.61596
26016.30017
86840.24825
45096.08318
9132.34025
29706.90081
29753.22232
97073.17126
22468.19408
42735.88645
20451.06983
64274.93685
51852.13239
84563.17120
73686.64828
76457.78675
40364.20628
36733.57403
88556.20098
87371.62952
62484.95269
56012.64339
65947.79327
91666.82169
7371.10823
51061.16836
53034.46412
66067.94629
27912.90769
20051.53709
6427.03306
59655.22379
82038.62262
37355.15384
35090.14581
26787.12864
90671.86617
79755.21387
39018.99108
3339.15245
36285.09552
42675.37562
95982.78993
58411.68086
93244.12754
63484.83029
48323.67292
73207.08773
11685.21977
99879.05945
40455.38551
1453.47552
99631.73853
32348.84067
8314.89145
56095.62237
31528.58719
84614.26817
71579.07174
26669.27987
73606.18858
13094.13161
53834.24305
50643.82353
31692.42086
80823.56489
69942.25113
74771.45784
52178.26819
73534.00830
9475.33871
89189.54405
439.87001
77287.25870
64770.58997
65186.43295
16965.21884
30592.17809
66283.23737
77605.78310
29297.19586
49757.65360
92840.67372
10417.91779
27472.38302
37151.85223
84668.03080
12925.48292
62341.98797
80099.45604
5835.48401
46157.76899
5447.08229
79145.66273
17316.17218
43551.74554
64313.93691
13424.69842
25166.23259
36451.23947
79572.67298
38496.29906
46480.02170
59062.45287
69302.05947
8847.33175
71057.09672
16061.94641
35506.27990
15889.09920
51225.56003
44786.55230
9407.94330
50967.65924
9672.68945
93643.57452
31264.59609
75273.66037
22420.70409
11842.23352
16005.60611
40906.86983
53908.62374
50982.26062
58328.86767
81743.24826
55201.65964
99292.74430
8338.86603
62104.77097
95044.61292
26363.74964
98995.01077
88391.30417
77193.96139
89690.95737
4555.74519
86122.98419
80921.25629
79241.87643
559.87961
5493.68917
68800.07746
34295.15246
31782.05159
26162.06709
25350.63291
83611.16331
98365.38497
7714.09086
23744.94430
59502.11632
1971.02725
37928.93240
12233.90135
55779.20837
45065.52903
91025.55931
90048.30341
98986.41317
66351.38015
43196.62527
62573.52613
96155.31121
99930.12317
47324.69901
11798.46789
1412.23175
71763.01194
72439.19518
43373.93595
53702.08191
41309.87318
51688.62438
46260.68885
37827.16061
90842.52133
6186.24548
99718.21130
52556.12585
30581.78218
14709.76413
6804.72337
328.61954
67619.99242
15071.67864
10596.31345
51380.03216
80784.71441
57559.21292
56642.00412
84745.54562
84573.33654
33360.98720
95763.89563
12509.65654
61461.39308
40285.31512
44703.70072
54718.34133
32854.48569
50314.82128
83827.05331
20998.57762
6210.44379
52837.56889
40844.83180
61436.62048
84125.92416
36938.67901
134.68607
66263.50043
28919.43379
78609.77625
73285.37657
54841.06639
24887.82631
12752.82500
45308.82729
39290.56565
5564.24831
54425.11826
27650.20035
80726.05705
17382.47259
9031.42549
10911.23583
42360.74064
33440.67117
53253.85954
86746.17848
58416.96399
25326.40273
42131.04795
70542.72834
88200.88782
13468.55318
56610.83715
39880.41902
68340.57333
91619.73521
68578.45346
90119.68652
89390.28445
11454.82196
79643.32760
63799.42309
6224.14926
95986.89995
24872.55113
26284.30729
67230.88986
475.15295
95721.12056
74475.43532
